


 $$$$$   $$$   $      $$$  $$$$    $$$   $$$$$     $    $$$    $$$ 
 $      $   $  $       $   $   $  $   $  $        $$   $   $  $   $
 $      $      $       $   $   $  $      $         $   $   $  $   $
 $$$$   $      $       $   $$$$    $$$   $$$$      $   $   $  $   $
 $      $      $       $   $          $  $         $   $   $  $   $
 $      $   $  $       $   $      $   $  $         $   $   $  $   $
 $$$$$   $$$   $$$$$  $$$  $       $$$   $$$$$    $$$   $$$    $$$ 



                       $$$$$   $$$   $      $$$  $$$$    $$$   $$$$$     $    $$$    $$$ 
                       $      $   $  $       $   $   $  $   $  $        $$   $   $  $   $
                       $      $      $       $   $   $  $      $         $   $   $  $   $
                       $$$$   $      $       $   $$$$    $$$   $$$$      $   $   $  $   $
                       $      $      $       $   $          $  $         $   $   $  $   $
                       $      $   $  $       $   $      $   $  $         $   $   $  $   $
                       $$$$$   $$$   $$$$$  $$$  $       $$$   $$$$$    $$$   $$$    $$$ 



                                             $$$$$   $$$   $      $$$  $$$$    $$$   $$$$$     $    $$$    $$$ 
                                             $      $   $  $       $   $   $  $   $  $        $$   $   $  $   $
                                             $      $      $       $   $   $  $      $         $   $   $  $   $
                                             $$$$   $      $       $   $$$$    $$$   $$$$      $   $   $  $   $
                                             $      $      $       $   $          $  $         $   $   $  $   $
                                             $      $   $  $       $   $      $   $  $         $   $   $  $   $
                                             $$$$$   $$$   $$$$$  $$$  $       $$$   $$$$$    $$$   $$$    $$$ 



                                                                   $$$$$   $$$   $      $$$  $$$$    $$$   $$$$$     $    $$$    $$$ 
                                                                   $      $   $  $       $   $   $  $   $  $        $$   $   $  $   $
                                                                   $      $      $       $   $   $  $      $         $   $   $  $   $
                                                                   $$$$   $      $       $   $$$$    $$$   $$$$      $   $   $  $   $
                                                                   $      $      $       $   $          $  $         $   $   $  $   $
                                                                   $      $   $  $       $   $      $   $  $         $   $   $  $   $
                                                                   $$$$$   $$$   $$$$$  $$$  $       $$$   $$$$$    $$$   $$$    $$$ 
 
 Version =  2009.1
 Arch    =  PC WINDOWS (32 bit)
Annex    | Modification date    | Update date          | baseline             
=====    | =================    | ===========          | ========             
ECLIPSE  | 27-APR-2009 16:22:47 | 27-APR-2009 19:37:10 | S:\2009.1_w18i
system   | 22-APR-2009 14:52:01 | 25-APR-2009 05:27:35 | S:\2009.1_w18
utility  | 17-FEB-2009 08:34:11 | 25-APR-2009 05:40:00 | S:\2009.1_w18
 

1

 ******** ECHO OF INPUT DATA FOR RUN HEAT500

 0: --------------------------------------------------------------------------------
 0: --                                                                            --
 0: -- Comparison of temperature dependent simulations                            --
 0: -- a) HEAT100.DATA: Blackoil data set to be run with ECLIPSE 100              --
 0: -- b) HEAT300.DATA: Blackoil data set to be run with ECLIPSE 300              --
 0: -- c) HEAT500.DATA: Thermal  data set to be run with ECLIPSE 300              --
 0: --                                                                            --
 0: -- Please note, this data set is intended to illustrate the way in            --
 0: -- which a blackoil data set can be converted to a thermal data set.          --
 0: -- However, the injection pressure is higher than is recommended for          --
 0: -- thermal simulations.                                                       --
 0: --                                                                            --
 0: --------------------------------------------------------------------------------
 0: 
 0: ------------------------------------------------------------------------
 0: -- Modification date: 	January 2007
 0: -- Changes:			NSTACK=40 in
 0: -- Result:			Speed-up ~1.04
 0: ------------------------------------------------------------------------
 0: 
 0: 
 0: RUNSPEC
 0: TITLE
 0:           Simple Cold Water Injection case
 0: 
 0: DIMENS
 0:    20   20    3  /
 0: 
 0: NONNC
 0: 
 0: OIL
 0: 
 0: WATER
 0: 
 0: GAS
 0: 
 0: FIELD
 0: 
 0: THERMAL
 0: 
 0: COMPS
 0: 2 /
 0: 
 0: EQLDIMS
 0:     1  100   10    1   20 /
 0: 
 0: TABDIMS
 0:     1    1   19   15   15   15    1   20 6* 2 /
 0: 
 0: --REGDIMS
 0: --   15    1    0    0  /
 0: 
 0: WELLDIMS
 0:     2    3    1    2 /
 0: 
 0: NUPCOL
 0:     4 /
 0: 
 0: START
 0:    1 'JAN' 1994  /
 0: 
 0: NSTACK
 0:   40 /
 0: 
 0: GRID     ===============================================================
 0: -------- IN THIS SECTION , THE GEOMETRY OF THE SIMULATION GRID AND THE
 0: -------- ROCK PERMEABILITIES AND POROSITIES ARE DEFINED.
 0: ------------------------------------------------------------------------
 0: 
 0: TOPS
 0:   20*500 20*502 20*505 20*511 20*519 20*529 20*541 20*555 20*571 20*591
 0:   20*601 20*617 20*631 20*643 20*653 20*661 20*667 20*671 20*674 20*676  /
 0: DXV
 0:    10 15 20 30 40 50 60 70 80 100 100 80 70 60 50 40 30 20 15 10 /
 0: DYV
 0:    10 15 20 30 40 50 60 70 80 100 100 80 70 60 50 40 30 20 15 10 /
 0: DZ
 0:   400*5 400*10 400*18 /
 0: PORO
 0:   1200*0.28 /
 0: PERMX
 0:   1200*300 /
 0: PERMY
 0:   1200*300 /
 0: PERMZ
 0:   1200*30  /
 0: 
 0: --
 0: -- rock thermal conductivity (optional if the effect is small)
 0: --
 0: THCONR
 0:  1200*24.0  /
 0: --
 0: --  Define the rock specific heat
 0: --
 0: HEATCR
 0:   1200*35.0 /
 0: 
 0: RPTGRID
 0:  'PORV' 'TRANX' 'TRANY' 'THCONR' 'TRTHERM' /
 0: 
 0: PROPS    ===============================================================
 0: -------- THE PROPS SECTION DEFINES THE REL. PERMEABILITIES, CAPILLARY
 0: -------- PRESSURES, AND THE PVT PROPERTIES OF THE RESERVOIR FLUIDS
 0: ----------------------------------------------------------------------
 0: --  SWAT   KRW   PCOW
 0: SWFN
 0: 
 0:     0.12  0       0
 0:     0.2   0.01   0
 0:     0.3   0.2    0
 0:     1.0   0.8     0  /
 0: 
 0: -- SIMILARLY FOR GAS
 0: --
 0: --  SGAS   KRG   PCOG
 0: SGFN
 0: 
 0:     0     0       0
 0:     0.02  0       0
 0:     0.05  0.005   0
 0:     0.12  0.025   0
 0:     0.2   0.075   0
 0:     0.25  0.125   0
 0:     0.3   0.19    0
 0:     0.4   0.41    0
 0:     0.45  0.6     0
 0:     0.5   0.72    0
 0:     0.6   0.87    0
 0:     0.7   0.94    0
 0:     0.85  0.98    0
 0:     1.0   1.0     0
 0: /
 0: 
 0: -- OIL RELATIVE PERMEABILITY IS TABULATED AGAINST OIL SATURATION
 0: -- FOR OIL-WATER AND OIL-GAS-CONNATE WATER CASES
 0: --
 0: --  SOIL     KROW     KROG
 0: SOF3
 0:     0        0        0
 0:     0.18     0        0
 0:     0.28     0.0001   0.0001
 0:     0.38     0.001    0.001
 0:     0.43     0.01     0.01
 0:     0.48     0.021    0.021
 0:     0.58     0.09     0.09
 0:     0.63     0.2      0.2
 0:     0.68     0.35     0.35
 0:     0.76     0.7      0.7
 0:     0.83     0.98     0.98
 0:     0.86     0.997    0.997
 0:     0.879    1        1
 0:     0.88     1        1    /
 0: 
 0: STCOND
 0: 60 14.965 /
 0: 
 0: 
 0: -- PVT PROPERTIES OF WATER
 0: --
 0: --    REF. PRES. REF. FVF  COMPRESSIBILITY  REF VISCOSITY  VISCOSIBILITY
 0: PVTW
 0:         3000     1.00341        3.0D-6          0.96             0  /
 0: 
 0: 
 0: -- ROCK COMPRESSIBILITY
 0: --
 0: --    REF. PRES   COMPRESSIBILITY
 0: ROCK
 0:          3000          4.0D-6   /
 0: 
 0: --
 0: --        OIL   WATER   GAS
 0: DENSITY
 0:            45   63.02   0.0702  /
 0: 
 0: CNAMES
 0:    'OIL'   'GAS' /
 0: MW
 0:     120     25   /
 0: CVTYPE
 0:     'DEAD' 'LIVE' /
 0: CVTYPES
 0:     'DEAD' 'GAS' /
 0: DREF
 0:      43.0  25.0 /
 0: CREF
 0:      0.0   0.0 /
 0: THERMEX1
 0:      0.0   0.0 /
 0: ZFACTOR
 0:      1*    0.77 /
 0: DREFS
 0:      45.0 25.0 /
 0: ZFACTORS
 0:      1*    0.93 /
 0: TCRIT
 0:      1*    1* /
 0: PCRIT
 0:      1*    1* /
 0: 
 0: KVTEMP
 0: 135 200 /
 0: 
 0: KVTABT1
 0: --P     KO   KG
 0: 14.7	0.01  750.866
 0: 264.7	0.01  9.285812155
 0: 514.7	0.01  5.165922222
 0: 1014.7	0.01  3.021202156
 0: 2014.7	0.01  2.179034591
 0: 2514.7	0.01  1.967569032
 0: 3014.7	0.01  1.806307527
 0: 4014.7	0.01  1.590445669
 0: 5014.7	0.01  1.46345241
 0: /
 0: 
 0: KVTABT2
 0: --P     KO   KG
 0: 14.7	0.02  1233.720239
 0: 264.7	0.02  15.25717557
 0: 514.7	0.02  8.48793633
 0: 1014.7	0.02  4.964025868
 0: 2014.7	0.02  3.580291393
 0: 2514.7	0.02  3.23284013
 0: 3014.7	0.02  2.967877297
 0: 4014.7	0.02  2.613202638
 0: 5014.7	0.02  2.404544696
 0: /
 0: 
 0: GASVISCT
 0: 135 0.02 0.02
 0: 150 0.02 0.02 /
 0: 
 0: 
 0: OILVISCT
 0: 80   5.263 1.717
 0: 135  1.042 0.340 /
 0: 
 0: SPECHA
 0: 0.5 0.5 /
 0: 
 0: SPECHG
 0: 0.5 0.5 /
 0: 
 0: 
 0: --
 0: -- Oil/Water Viscosity as a function of temperature
 0: --
 0: VISCREF
 0:  3014.7 0.93 /
 0: 
 0: WATVISCT
 0:  80  1.2
 0: 135  0.96
 0: /
 0: 
 0: ZI
 0: 0.446 0.554 /
 0: 
 0: SOLUTION ===============================================================
 0: -------- THE SOLUTION SECTION DEFINES THE INITIAL STATE OF THE SOLUTION
 0: -------- VARIABLES (PHASE PRESSURES, SATURATIONS AND GAS-OIL RATIOS)
 0: ------------------------------------------------------------------------
 0: -- DATA FOR INITIALISING FLUIDS TO POTENTIAL EQUILIBRIUM
 0: --
 0: --    DATUM  DATUM   OWC    OWC    GOC    GOC    RSVD   RVVD   SOLN
 0: --    DEPTH  PRESS  DEPTH   PCOW  DEPTH   PCOG  TABLE  TABLE   METH
 0: EQUIL
 0:         500    3000   600     0      500    0       0      0  /
 0: 
 0: 
 0: --
 0: -- Define the initial reservoir temperature
 0: --
 0: RTEMP
 0:  135 /
 0: 
 0: -- SWITCH ON OUTPUT OF INITIAL SOLUTION
 0: RPTSOL
 0:   'PRESSURE' 'TEMP' 'SOIL' 'SGAS' 'SWAT' 'DENO' 'DENG' 'DENW' 'VOIL' 'VGAS' 'VWAT' /
 0: 
 0: SUMMARY ================================================================
 0: -------- THIS SECTION SPECIFIES DATA TO BE WRITTEN TO THE SUMMARY FILES
 0: -------- AND WHICH MAY LATER BE USED WITH THE ECLIPSE GRAPHICS PACKAGE
 0: ------------------------------------------------------------------------
 0: 
 0: ALL
 0: 
 0: PERFORMANCE
 0: 
 0: BTEMP
 0:  1  1 1 /
 0:  1  1 2 /
 0:  1  1 3 /
 0: 20 20 1 /
 0: 20 20 2 /
 0: 20 20 3 /
 0: /
 0: 
 0: RUNSUM
 0: 
 0: RPTONLY
 0: SCHEDULE ===============================================================
 0: -------- THE SCHEDULE SECTION DEFINES THE OPERATIONS TO BE SIMULATED
 0: ------------------------------------------------------------------------
 0: -- CONTROLS ON OUTPUT AT EACH REPORT TIME
 0: 
 0: RPTSCHED
 0:   'PRESSURE' 'TEMP' 'SOIL' 'SGAS' 'SWAT' 'DENO' 'DENG' 'DENW' 'VOIL' 'VGAS' 'VWAT' /
 0: 
 0: RPTRST
 0:   'PRESSURE' 'TEMP' 'SOIL' 'SGAS' 'SWAT' /
 0: 
 0: TSCRIT
 0: 2* 20 /
 0: 
 0: -- WELL SPECIFICATION DATA
 0: --
 0: --     WELL   GROUP LOCATION  BHP   PI
 0: --     NAME   NAME    I  J   DEPTH DEFN
 0: WELSPECS
 0: 'P1','G       ',  1,  1, 1*    ,'OIL' /
 0: 'I1','G       ', 20, 20, 1*    ,'WAT' /
 0: /
 0: 
 0: -- COMPLETION SPECIFICATION DATA
 0: --
 0: --     WELL     -LOCATION- OPEN/ SAT CONN
 0: --     NAME     I  J K1 K2 SHUT  TAB FACT
 0: COMPDAT
 0:     'P1'  1  1  1  3 'OPEN' 0  1* 0.3 /
 0:     'I1' 20 20  1  3 'OPEN' 0  1* 0.3 /
 0:   /
 0: 
 0: -- PRODUCTION WELL CONTROLS
 0: --
 0: --  WELL     OPEN/  CNTL   OIL  WATER   GAS  LIQU   RES   BHP
 0: --  NAME     SHUT   MODE  RATE   RATE  RATE  RATE  RATE
 0: WCONPROD
 0:      'P1'  'OPEN'  'BHP'               5*                1500  /
 0:   /
 0: WCONINJE
 0: --   I1 WAT OPEN RATE 4000 1* 1E4  /
 0:      I1 WAT OPEN BHP  1*   1* 6000 /
 0:   /
 0: --
 0: --  Define the injection temperature
 0: --
 0: WINJTEMP
 0: I1 1* 80 6000 /
 0: /
 0: 
 0: TSTEP
 0:   1 10 100 1000
 0: /
 0: 
 0: END

 ******** END OF INPUT DATA FOR RUN HEAT500
     1 READING RUNSPEC 
     2 READING TITLE   
     3 READING DIMENS  
     4 READING NONNC   
     5 READING OIL     
     6 READING WATER   
     7 READING GAS     
     8 READING FIELD   
     9 READING THERMAL 

 @--  ERROR  AT TIME        0.0   DAYS    ( 1-JAN-   0):
 @           UNRECOGNISED KEYWORD THERMAL  IN RUNSPEC DATA                   
    10 READING COMPS   

 @--  ERROR  AT TIME        0.0   DAYS    ( 1-JAN-   0):
 @           UNRECOGNISED KEYWORD COMPS    IN RUNSPEC DATA                   

 @--WARNING  AT TIME        0.0   DAYS    ( 1-JAN-   0):
 @           SPURIOUS DATA BEFORE EQLDIMS  KEYWORD                           
 @           2 /                                                             
    11 READING EQLDIMS 
    12 READING TABDIMS 
    13 READING WELLDIMS
    14 READING NUPCOL  
    15 READING START   
    16 READING NSTACK  
    17 READING GRID    

 @--MESSAGE  AT TIME        0.0   DAYS    ( 1-JAN-1994):
 @           CHECKING FOR LICENSES                                           

 @--MESSAGE  AT TIME        0.0   DAYS    ( 1-JAN-1994):
 @           THE MEMORY REQUIRED TO PROCESS THE GRID SECTION IS              
 @               486588 BYTES                                                
    18 READING TOPS    

 @--WARNING  AT TIME        0.0   DAYS    ( 1-JAN-1994):
 @              800 VALUES NOT DEFINED IN BOX (  1- 20,  1- 20,  1-  3)      
 @           OF KEYWORD TOPS                                                 
    19 READING DXV     
    20 READING DYV     
    21 READING DZ      
    22 READING PORO    
    23 READING PERMX   
    24 READING PERMY   
    25 READING PERMZ   
    26 READING THCONR  

 @--  ERROR  AT TIME        0.0   DAYS    ( 1-JAN-1994):
 @           GRID ARRAY THCONR   NOT ALLOWED WITH CURRENT                    
 @           RUNSPEC OPTIONS. SEE KEYWORD TEMP                               

 @--WARNING  AT TIME        0.0   DAYS    ( 1-JAN-1994):
 @           SPURIOUS DATA BEFORE HEATCR   KEYWORD                           
 @            1200*24.0  /                                                   
    27 READING HEATCR  

 @--  ERROR  AT TIME        0.0   DAYS    ( 1-JAN-1994):
 @           UNRECOGNISED KEYWORD HEATCR   IN GRID DATA                      

 @--WARNING  AT TIME        0.0   DAYS    ( 1-JAN-1994):
 @           SPURIOUS DATA BEFORE RPTGRID  KEYWORD                           
 @             1200*35.0 /                                                   
    28 READING RPTGRID 
    29 READING PROPS   

 @--MESSAGE  AT TIME        0.0   DAYS    ( 1-JAN-1994):
 @           UNSPECIFIED TOPS VALUES OBTAINED BY ADDING DZ                   
 @           TO TOPS VALUE FOR LAYER ABOVE                                   

 @--MESSAGE  AT TIME        0.0   DAYS    ( 1-JAN-1994):
 @           NEITHER OLDTRAN,OLDTRANR NOR NEWTRAN SPECIFIED                  
 @           BLOCK CENTRE TRANSMISSIBILITIES TO BE CALCULATED                
 @           USING  OLDTRAN                                                  
1                             **********************************************************************   1
  PORV     AT     0.00   DAYS *          Simple Cold Water Injection case                              * ECLIPSE  VERSION 2009.1     
  REPORT   0     1 JAN 1994   *  RUN                                                                   * RUN AT 02:14 ON 05 JLY 2015 
                              **************************************************************************

 UNITS    RB           

 MINIMUM VALUE =   24.935  AT (  1,  1,  1)     MAXIMUM VALUE =   8976.6  AT ( 10, 10,  3)                                           

 (I,  J,  K) I=  1       2       3       4       5       6       7       8       9      10      11      12      13      14      15

 (*,  1,  1)   24.935  37.403  49.870  74.805  99.740  124.68  149.61  174.55  199.48  249.35  249.35  199.48  174.55  149.61  124.68
 (*,  2,  1)   37.403  56.104  74.805  112.21  149.61  187.01  224.42  261.82  299.22  374.03  374.03  299.22  261.82  224.42  187.01
 (*,  3,  1)   49.870  74.805  99.740  149.61  199.48  249.35  299.22  349.09  398.96  498.70  498.70  398.96  349.09  299.22  249.35
 (*,  4,  1)   74.805  112.21  149.61  224.42  299.22  374.03  448.83  523.64  598.44  748.05  748.05  598.44  523.64  448.83  374.03
 (*,  5,  1)   99.740  149.61  199.48  299.22  398.96  498.70  598.44  698.18  797.92  997.40  997.40  797.92  698.18  598.44  498.70
 (*,  6,  1)   124.68  187.01  249.35  374.03  498.70  623.38  748.05  872.73  997.40  1246.8  1246.8  997.40  872.73  748.05  623.38
 (*,  7,  1)   149.61  224.42  299.22  448.83  598.44  748.05  897.66  1047.3  1196.9  1496.1  1496.1  1196.9  1047.3  897.66  748.05
 (*,  8,  1)   174.55  261.82  349.09  523.64  698.18  872.73  1047.3  1221.8  1396.4  1745.5  1745.5  1396.4  1221.8  1047.3  872.73
 (*,  9,  1)   199.48  299.22  398.96  598.44  797.92  997.40  1196.9  1396.4  1595.8  1994.8  1994.8  1595.8  1396.4  1196.9  997.40
 (*, 10,  1)   249.35  374.03  498.70  748.05  997.40  1246.8  1496.1  1745.5  1994.8  2493.5  2493.5  1994.8  1745.5  1496.1  1246.8
 (*, 11,  1)   249.35  374.03  498.70  748.05  997.40  1246.8  1496.1  1745.5  1994.8  2493.5  2493.5  1994.8  1745.5  1496.1  1246.8
 (*, 12,  1)   199.48  299.22  398.96  598.44  797.92  997.40  1196.9  1396.4  1595.8  1994.8  1994.8  1595.8  1396.4  1196.9  997.40
 (*, 13,  1)   174.55  261.82  349.09  523.64  698.18  872.73  1047.3  1221.8  1396.4  1745.5  1745.5  1396.4  1221.8  1047.3  872.73
 (*, 14,  1)   149.61  224.42  299.22  448.83  598.44  748.05  897.66  1047.3  1196.9  1496.1  1496.1  1196.9  1047.3  897.66  748.05
 (*, 15,  1)   124.68  187.01  249.35  374.03  498.70  623.38  748.05  872.73  997.40  1246.8  1246.8  997.40  872.73  748.05  623.38
 (*, 16,  1)   99.740  149.61  199.48  299.22  398.96  498.70  598.44  698.18  797.92  997.40  997.40  797.92  698.18  598.44  498.70
 (*, 17,  1)   74.805  112.21  149.61  224.42  299.22  374.03  448.83  523.64  598.44  748.05  748.05  598.44  523.64  448.83  374.03
 (*, 18,  1)   49.870  74.805  99.740  149.61  199.48  249.35  299.22  349.09  398.96  498.70  498.70  398.96  349.09  299.22  249.35
 (*, 19,  1)   37.403  56.104  74.805  112.21  149.61  187.01  224.42  261.82  299.22  374.03  374.03  299.22  261.82  224.42  187.01
 (*, 20,  1)   24.935  37.403  49.870  74.805  99.740  124.68  149.61  174.55  199.48  249.35  249.35  199.48  174.55  149.61  124.68

 (I,  J,  K) I=  1       2       3       4       5       6       7       8       9      10      11      12      13      14      15

 (*,  1,  2)   49.870  74.805  99.740  149.61  199.48  249.35  299.22  349.09  398.96  498.70  498.70  398.96  349.09  299.22  249.35
 (*,  2,  2)   74.805  112.21  149.61  224.42  299.22  374.03  448.83  523.64  598.44  748.05  748.05  598.44  523.64  448.83  374.03
 (*,  3,  2)   99.740  149.61  199.48  299.22  398.96  498.70  598.44  698.18  797.92  997.40  997.40  797.92  698.18  598.44  498.70
 (*,  4,  2)   149.61  224.42  299.22  448.83  598.44  748.05  897.66  1047.3  1196.9  1496.1  1496.1  1196.9  1047.3  897.66  748.05
 (*,  5,  2)   199.48  299.22  398.96  598.44  797.92  997.40  1196.9  1396.4  1595.8  1994.8  1994.8  1595.8  1396.4  1196.9  997.40
 (*,  6,  2)   249.35  374.03  498.70  748.05  997.40  1246.8  1496.1  1745.5  1994.8  2493.5  2493.5  1994.8  1745.5  1496.1  1246.8
 (*,  7,  2)   299.22  448.83  598.44  897.66  1196.9  1496.1  1795.3  2094.5  2393.8  2992.2  2992.2  2393.8  2094.5  1795.3  1496.1
 (*,  8,  2)   349.09  523.64  698.18  1047.3  1396.4  1745.5  2094.5  2443.6  2792.7  3490.9  3490.9  2792.7  2443.6  2094.5  1745.5
 (*,  9,  2)   398.96  598.44  797.92  1196.9  1595.8  1994.8  2393.8  2792.7  3191.7  3989.6  3989.6  3191.7  2792.7  2393.8  1994.8
 (*, 10,  2)   498.70  748.05  997.40  1496.1  1994.8  2493.5  2992.2  3490.9  3989.6  4987.0  4987.0  3989.6  3490.9  2992.2  2493.5
 (*, 11,  2)   498.70  748.05  997.40  1496.1  1994.8  2493.5  2992.2  3490.9  3989.6  4987.0  4987.0  3989.6  3490.9  2992.2  2493.5
 (*, 12,  2)   398.96  598.44  797.92  1196.9  1595.8  1994.8  2393.8  2792.7  3191.7  3989.6  3989.6  3191.7  2792.7  2393.8  1994.8
 (*, 13,  2)   349.09  523.64  698.18  1047.3  1396.4  1745.5  2094.5  2443.6  2792.7  3490.9  3490.9  2792.7  2443.6  2094.5  1745.5
 (*, 14,  2)   299.22  448.83  598.44  897.66  1196.9  1496.1  1795.3  2094.5  2393.8  2992.2  2992.2  2393.8  2094.5  1795.3  1496.1
 (*, 15,  2)   249.35  374.03  498.70  748.05  997.40  1246.8  1496.1  1745.5  1994.8  2493.5  2493.5  1994.8  1745.5  1496.1  1246.8
 (*, 16,  2)   199.48  299.22  398.96  598.44  797.92  997.40  1196.9  1396.4  1595.8  1994.8  1994.8  1595.8  1396.4  1196.9  997.40
 (*, 17,  2)   149.61  224.42  299.22  448.83  598.44  748.05  897.66  1047.3  1196.9  1496.1  1496.1  1196.9  1047.3  897.66  748.05
 (*, 18,  2)   99.740  149.61  199.48  299.22  398.96  498.70  598.44  698.18  797.92  997.40  997.40  797.92  698.18  598.44  498.70
 (*, 19,  2)   74.805  112.21  149.61  224.42  299.22  374.03  448.83  523.64  598.44  748.05  748.05  598.44  523.64  448.83  374.03
 (*, 20,  2)   49.870  74.805  99.740  149.61  199.48  249.35  299.22  349.09  398.96  498.70  498.70  398.96  349.09  299.22  249.35

 (I,  J,  K) I=  1       2       3       4       5       6       7       8       9      10      11      12      13      14      15

 (*,  1,  3)   89.766  134.65  179.53  269.30  359.06  448.83  538.60  628.36  718.13  897.66  897.66  718.13  628.36  538.60  448.83
 (*,  2,  3)   134.65  201.97  269.30  403.95  538.60  673.25  807.90  942.55  1077.2  1346.5  1346.5  1077.2  942.55  807.90  673.25
 (*,  3,  3)   179.53  269.30  359.06  538.60  718.13  897.66  1077.2  1256.7  1436.3  1795.3  1795.3  1436.3  1256.7  1077.2  897.66
 (*,  4,  3)   269.30  403.95  538.60  807.90  1077.2  1346.5  1615.8  1885.1  2154.4  2693.0  2693.0  2154.4  1885.1  1615.8  1346.5
 (*,  5,  3)   359.06  538.60  718.13  1077.2  1436.3  1795.3  2154.4  2513.5  2872.5  3590.6  3590.6  2872.5  2513.5  2154.4  1795.3
 (*,  6,  3)   448.83  673.25  897.66  1346.5  1795.3  2244.2  2693.0  3141.8  3590.6  4488.3  4488.3  3590.6  3141.8  2693.0  2244.2
 (*,  7,  3)   538.60  807.90  1077.2  1615.8  2154.4  2693.0  3231.6  3770.2  4308.8  5386.0  5386.0  4308.8  3770.2  3231.6  2693.0
 (*,  8,  3)   628.36  942.55  1256.7  1885.1  2513.5  3141.8  3770.2  4398.5  5026.9  6283.6  6283.6  5026.9  4398.5  3770.2  3141.8
 (*,  9,  3)   718.13  1077.2  1436.3  2154.4  2872.5  3590.6  4308.8  5026.9  5745.0  7181.3  7181.3  5745.0  5026.9  4308.8  3590.6
 (*, 10,  3)   897.66  1346.5  1795.3  2693.0  3590.6  4488.3  5386.0  6283.6  7181.3  8976.6  8976.6  7181.3  6283.6  5386.0  4488.3
 (*, 11,  3)   897.66  1346.5  1795.3  2693.0  3590.6  4488.3  5386.0  6283.6  7181.3  8976.6  8976.6  7181.3  6283.6  5386.0  4488.3
 (*, 12,  3)   718.13  1077.2  1436.3  2154.4  2872.5  3590.6  4308.8  5026.9  5745.0  7181.3  7181.3  5745.0  5026.9  4308.8  3590.6
 (*, 13,  3)   628.36  942.55  1256.7  1885.1  2513.5  3141.8  3770.2  4398.5  5026.9  6283.6  6283.6  5026.9  4398.5  3770.2  3141.8
 (*, 14,  3)   538.60  807.90  1077.2  1615.8  2154.4  2693.0  3231.6  3770.2  4308.8  5386.0  5386.0  4308.8  3770.2  3231.6  2693.0
 (*, 15,  3)   448.83  673.25  897.66  1346.5  1795.3  2244.2  2693.0  3141.8  3590.6  4488.3  4488.3  3590.6  3141.8  2693.0  2244.2
 (*, 16,  3)   359.06  538.60  718.13  1077.2  1436.3  1795.3  2154.4  2513.5  2872.5  3590.6  3590.6  2872.5  2513.5  2154.4  1795.3
 (*, 17,  3)   269.30  403.95  538.60  807.90  1077.2  1346.5  1615.8  1885.1  2154.4  2693.0  2693.0  2154.4  1885.1  1615.8  1346.5
 (*, 18,  3)   179.53  269.30  359.06  538.60  718.13  897.66  1077.2  1256.7  1436.3  1795.3  1795.3  1436.3  1256.7  1077.2  897.66
 (*, 19,  3)   134.65  201.97  269.30  403.95  538.60  673.25  807.90  942.55  1077.2  1346.5  1346.5  1077.2  942.55  807.90  673.25
 (*, 20,  3)   89.766  134.65  179.53  269.30  359.06  448.83  538.60  628.36  718.13  897.66  897.66  718.13  628.36  538.60  448.83

 (I,  J,  K) I= 16      17      18      19      20

 (*,  1,  1)   99.740  74.805  49.870  37.403  24.935
 (*,  2,  1)   149.61  112.21  74.805  56.104  37.403
 (*,  3,  1)   199.48  149.61  99.740  74.805  49.870
 (*,  4,  1)   299.22  224.42  149.61  112.21  74.805
 (*,  5,  1)   398.96  299.22  199.48  149.61  99.740
 (*,  6,  1)   498.70  374.03  249.35  187.01  124.68
 (*,  7,  1)   598.44  448.83  299.22  224.42  149.61
 (*,  8,  1)   698.18  523.64  349.09  261.82  174.55
 (*,  9,  1)   797.92  598.44  398.96  299.22  199.48
 (*, 10,  1)   997.40  748.05  498.70  374.03  249.35
 (*, 11,  1)   997.40  748.05  498.70  374.03  249.35
 (*, 12,  1)   797.92  598.44  398.96  299.22  199.48
 (*, 13,  1)   698.18  523.64  349.09  261.82  174.55
 (*, 14,  1)   598.44  448.83  299.22  224.42  149.61
 (*, 15,  1)   498.70  374.03  249.35  187.01  124.68
 (*, 16,  1)   398.96  299.22  199.48  149.61  99.740
 (*, 17,  1)   299.22  224.42  149.61  112.21  74.805
 (*, 18,  1)   199.48  149.61  99.740  74.805  49.870
 (*, 19,  1)   149.61  112.21  74.805  56.104  37.403
 (*, 20,  1)   99.740  74.805  49.870  37.403  24.935

 (I,  J,  K) I= 16      17      18      19      20

 (*,  1,  2)   199.48  149.61  99.740  74.805  49.870
 (*,  2,  2)   299.22  224.42  149.61  112.21  74.805
 (*,  3,  2)   398.96  299.22  199.48  149.61  99.740
 (*,  4,  2)   598.44  448.83  299.22  224.42  149.61
 (*,  5,  2)   797.92  598.44  398.96  299.22  199.48
 (*,  6,  2)   997.40  748.05  498.70  374.03  249.35
 (*,  7,  2)   1196.9  897.66  598.44  448.83  299.22
 (*,  8,  2)   1396.4  1047.3  698.18  523.64  349.09
 (*,  9,  2)   1595.8  1196.9  797.92  598.44  398.96
 (*, 10,  2)   1994.8  1496.1  997.40  748.05  498.70
 (*, 11,  2)   1994.8  1496.1  997.40  748.05  498.70
 (*, 12,  2)   1595.8  1196.9  797.92  598.44  398.96
 (*, 13,  2)   1396.4  1047.3  698.18  523.64  349.09
 (*, 14,  2)   1196.9  897.66  598.44  448.83  299.22
 (*, 15,  2)   997.40  748.05  498.70  374.03  249.35
 (*, 16,  2)   797.92  598.44  398.96  299.22  199.48
 (*, 17,  2)   598.44  448.83  299.22  224.42  149.61
 (*, 18,  2)   398.96  299.22  199.48  149.61  99.740
 (*, 19,  2)   299.22  224.42  149.61  112.21  74.805
 (*, 20,  2)   199.48  149.61  99.740  74.805  49.870

 (I,  J,  K) I= 16      17      18      19      20

 (*,  1,  3)   359.06  269.30  179.53  134.65  89.766
 (*,  2,  3)   538.60  403.95  269.30  201.97  134.65
 (*,  3,  3)   718.13  538.60  359.06  269.30  179.53
 (*,  4,  3)   1077.2  807.90  538.60  403.95  269.30
 (*,  5,  3)   1436.3  1077.2  718.13  538.60  359.06
 (*,  6,  3)   1795.3  1346.5  897.66  673.25  448.83
 (*,  7,  3)   2154.4  1615.8  1077.2  807.90  538.60
 (*,  8,  3)   2513.5  1885.1  1256.7  942.55  628.36
 (*,  9,  3)   2872.5  2154.4  1436.3  1077.2  718.13
 (*, 10,  3)   3590.6  2693.0  1795.3  1346.5  897.66
 (*, 11,  3)   3590.6  2693.0  1795.3  1346.5  897.66
 (*, 12,  3)   2872.5  2154.4  1436.3  1077.2  718.13
 (*, 13,  3)   2513.5  1885.1  1256.7  942.55  628.36
 (*, 14,  3)   2154.4  1615.8  1077.2  807.90  538.60
 (*, 15,  3)   1795.3  1346.5  897.66  673.25  448.83
 (*, 16,  3)   1436.3  1077.2  718.13  538.60  359.06
 (*, 17,  3)   1077.2  807.90  538.60  403.95  269.30
 (*, 18,  3)   718.13  538.60  359.06  269.30  179.53
 (*, 19,  3)   538.60  403.95  269.30  201.97  134.65
 (*, 20,  3)   359.06  269.30  179.53  134.65  89.766
1                             **********************************************************************   2
  TRANX    AT     0.00   DAYS *          Simple Cold Water Injection case                              * ECLIPSE  VERSION 2009.1     
  REPORT   0     1 JAN 1994   *  RUN                                                                   * RUN AT 02:14 ON 05 JLY 2015 
                              **************************************************************************

 UNITS CPB/D/PS        

 MINIMUM VALUE =   0.0000  AT ( 20,  1,  1)     MAXIMUM VALUE =   48.686  AT (  1, 10,  3)                                           

 (I,  J,  K) I=  1       2       3       4       5       6       7       8       9      10      11      12      13      14      15

 (*,  1,  1)   1.3524 0.96600 0.67620 0.48300 0.37567 0.30736 0.26008 0.22540 0.18783 0.16905 0.18783 0.22540 0.26008 0.30736 0.37567
 (*,  2,  1)   2.0286  1.4490  1.0143 0.72450 0.56350 0.46105 0.39012 0.33810 0.28175 0.25357 0.28175 0.33810 0.39012 0.46105 0.56350
 (*,  3,  1)   2.7048  1.9320  1.3524 0.96600 0.75133 0.61473 0.52015 0.45080 0.37567 0.33810 0.37567 0.45080 0.52015 0.61473 0.75133
 (*,  4,  1)   4.0572  2.8980  2.0286  1.4490  1.1270 0.92209 0.78023 0.67620 0.56350 0.50715 0.56350 0.67620 0.78023 0.92209  1.1270
 (*,  5,  1)   5.4096  3.8640  2.7048  1.9320  1.5027  1.2295  1.0403 0.90160 0.75133 0.67620 0.75133 0.90160  1.0403  1.2295  1.5027
 (*,  6,  1)   6.7620  4.8300  3.3810  2.4150  1.8783  1.5368  1.3004  1.1270 0.93917 0.84525 0.93917  1.1270  1.3004  1.5368  1.8783
 (*,  7,  1)   8.1144  5.7960  4.0572  2.8980  2.2540  1.8442  1.5605  1.3524  1.1270  1.0143  1.1270  1.3524  1.5605  1.8442  2.2540
 (*,  8,  1)   9.4668  6.7620  4.7334  3.3810  2.6297  2.1515  1.8205  1.5778  1.3148  1.1833  1.3148  1.5778  1.8205  2.1515  2.6297
 (*,  9,  1)   10.819  7.7280  5.4096  3.8640  3.0053  2.4589  2.0806  1.8032  1.5027  1.3524  1.5027  1.8032  2.0806  2.4589  3.0053
 (*, 10,  1)   13.524  9.6600  6.7620  4.8300  3.7567  3.0736  2.6008  2.2540  1.8783  1.6905  1.8783  2.2540  2.6008  3.0736  3.7567
 (*, 11,  1)   13.524  9.6600  6.7620  4.8300  3.7567  3.0736  2.6008  2.2540  1.8783  1.6905  1.8783  2.2540  2.6008  3.0736  3.7567
 (*, 12,  1)   10.819  7.7280  5.4096  3.8640  3.0053  2.4589  2.0806  1.8032  1.5027  1.3524  1.5027  1.8032  2.0806  2.4589  3.0053
 (*, 13,  1)   9.4668  6.7620  4.7334  3.3810  2.6297  2.1515  1.8205  1.5778  1.3148  1.1833  1.3148  1.5778  1.8205  2.1515  2.6297
 (*, 14,  1)   8.1144  5.7960  4.0572  2.8980  2.2540  1.8442  1.5605  1.3524  1.1270  1.0143  1.1270  1.3524  1.5605  1.8442  2.2540
 (*, 15,  1)   6.7620  4.8300  3.3810  2.4150  1.8783  1.5368  1.3004  1.1270 0.93917 0.84525 0.93917  1.1270  1.3004  1.5368  1.8783
 (*, 16,  1)   5.4096  3.8640  2.7048  1.9320  1.5027  1.2295  1.0403 0.90160 0.75133 0.67620 0.75133 0.90160  1.0403  1.2295  1.5027
 (*, 17,  1)   4.0572  2.8980  2.0286  1.4490  1.1270 0.92209 0.78023 0.67620 0.56350 0.50715 0.56350 0.67620 0.78023 0.92209  1.1270
 (*, 18,  1)   2.7048  1.9320  1.3524 0.96600 0.75133 0.61473 0.52015 0.45080 0.37567 0.33810 0.37567 0.45080 0.52015 0.61473 0.75133
 (*, 19,  1)   2.0286  1.4490  1.0143 0.72450 0.56350 0.46105 0.39012 0.33810 0.28175 0.25357 0.28175 0.33810 0.39012 0.46105 0.56350
 (*, 20,  1)   1.3524 0.96600 0.67620 0.48300 0.37567 0.30736 0.26008 0.22540 0.18783 0.16905 0.18783 0.22540 0.26008 0.30736 0.37567

 (I,  J,  K) I=  1       2       3       4       5       6       7       8       9      10      11      12      13      14      15

 (*,  1,  2)   2.7048  1.9320  1.3524 0.96600 0.75133 0.61473 0.52015 0.45080 0.37567 0.33810 0.37567 0.45080 0.52015 0.61473 0.75133
 (*,  2,  2)   4.0572  2.8980  2.0286  1.4490  1.1270 0.92209 0.78023 0.67620 0.56350 0.50715 0.56350 0.67620 0.78023 0.92209  1.1270
 (*,  3,  2)   5.4096  3.8640  2.7048  1.9320  1.5027  1.2295  1.0403 0.90160 0.75133 0.67620 0.75133 0.90160  1.0403  1.2295  1.5027
 (*,  4,  2)   8.1144  5.7960  4.0572  2.8980  2.2540  1.8442  1.5605  1.3524  1.1270  1.0143  1.1270  1.3524  1.5605  1.8442  2.2540
 (*,  5,  2)   10.819  7.7280  5.4096  3.8640  3.0053  2.4589  2.0806  1.8032  1.5027  1.3524  1.5027  1.8032  2.0806  2.4589  3.0053
 (*,  6,  2)   13.524  9.6600  6.7620  4.8300  3.7567  3.0736  2.6008  2.2540  1.8783  1.6905  1.8783  2.2540  2.6008  3.0736  3.7567
 (*,  7,  2)   16.229  11.592  8.1144  5.7960  4.5080  3.6884  3.1209  2.7048  2.2540  2.0286  2.2540  2.7048  3.1209  3.6884  4.5080
 (*,  8,  2)   18.934  13.524  9.4668  6.7620  5.2593  4.3031  3.6411  3.1556  2.6297  2.3667  2.6297  3.1556  3.6411  4.3031  5.2593
 (*,  9,  2)   21.638  15.456  10.819  7.7280  6.0107  4.9178  4.1612  3.6064  3.0053  2.7048  3.0053  3.6064  4.1612  4.9178  6.0107
 (*, 10,  2)   27.048  19.320  13.524  9.6600  7.5133  6.1473  5.2015  4.5080  3.7567  3.3810  3.7567  4.5080  5.2015  6.1473  7.5133
 (*, 11,  2)   27.048  19.320  13.524  9.6600  7.5133  6.1473  5.2015  4.5080  3.7567  3.3810  3.7567  4.5080  5.2015  6.1473  7.5133
 (*, 12,  2)   21.638  15.456  10.819  7.7280  6.0107  4.9178  4.1612  3.6064  3.0053  2.7048  3.0053  3.6064  4.1612  4.9178  6.0107
 (*, 13,  2)   18.934  13.524  9.4668  6.7620  5.2593  4.3031  3.6411  3.1556  2.6297  2.3667  2.6297  3.1556  3.6411  4.3031  5.2593
 (*, 14,  2)   16.229  11.592  8.1144  5.7960  4.5080  3.6884  3.1209  2.7048  2.2540  2.0286  2.2540  2.7048  3.1209  3.6884  4.5080
 (*, 15,  2)   13.524  9.6600  6.7620  4.8300  3.7567  3.0736  2.6008  2.2540  1.8783  1.6905  1.8783  2.2540  2.6008  3.0736  3.7567
 (*, 16,  2)   10.819  7.7280  5.4096  3.8640  3.0053  2.4589  2.0806  1.8032  1.5027  1.3524  1.5027  1.8032  2.0806  2.4589  3.0053
 (*, 17,  2)   8.1144  5.7960  4.0572  2.8980  2.2540  1.8442  1.5605  1.3524  1.1270  1.0143  1.1270  1.3524  1.5605  1.8442  2.2540
 (*, 18,  2)   5.4096  3.8640  2.7048  1.9320  1.5027  1.2295  1.0403 0.90160 0.75133 0.67620 0.75133 0.90160  1.0403  1.2295  1.5027
 (*, 19,  2)   4.0572  2.8980  2.0286  1.4490  1.1270 0.92209 0.78023 0.67620 0.56350 0.50715 0.56350 0.67620 0.78023 0.92209  1.1270
 (*, 20,  2)   2.7048  1.9320  1.3524 0.96600 0.75133 0.61473 0.52015 0.45080 0.37567 0.33810 0.37567 0.45080 0.52015 0.61473 0.75133

 (I,  J,  K) I=  1       2       3       4       5       6       7       8       9      10      11      12      13      14      15

 (*,  1,  3)   4.8686  3.4776  2.4343  1.7388  1.3524  1.1065 0.93628 0.81144 0.67620 0.60858 0.67620 0.81144 0.93628  1.1065  1.3524
 (*,  2,  3)   7.3030  5.2164  3.6515  2.6082  2.0286  1.6598  1.4044  1.2172  1.0143 0.91287  1.0143  1.2172  1.4044  1.6598  2.0286
 (*,  3,  3)   9.7373  6.9552  4.8686  3.4776  2.7048  2.2130  1.8726  1.6229  1.3524  1.2172  1.3524  1.6229  1.8726  2.2130  2.7048
 (*,  4,  3)   14.606  10.433  7.3030  5.2164  4.0572  3.3195  2.8088  2.4343  2.0286  1.8257  2.0286  2.4343  2.8088  3.3195  4.0572
 (*,  5,  3)   19.475  13.910  9.7373  6.9552  5.4096  4.4260  3.7451  3.2458  2.7048  2.4343  2.7048  3.2458  3.7451  4.4260  5.4096
 (*,  6,  3)   24.343  17.388  12.172  8.6940  6.7620  5.5325  4.6814  4.0572  3.3810  3.0429  3.3810  4.0572  4.6814  5.5325  6.7620
 (*,  7,  3)   29.212  20.866  14.606  10.433  8.1144  6.6391  5.6177  4.8686  4.0572  3.6515  4.0572  4.8686  5.6177  6.6391  8.1144
 (*,  8,  3)   34.080  24.343  17.040  12.172  9.4668  7.7456  6.5539  5.6801  4.7334  4.2601  4.7334  5.6801  6.5539  7.7456  9.4668
 (*,  9,  3)   38.949  27.821  19.475  13.910  10.819  8.8521  7.4902  6.4915  5.4096  4.8686  5.4096  6.4915  7.4902  8.8521  10.819
 (*, 10,  3)   48.686  34.776  24.343  17.388  13.524  11.065  9.3628  8.1144  6.7620  6.0858  6.7620  8.1144  9.3628  11.065  13.524
 (*, 11,  3)   48.686  34.776  24.343  17.388  13.524  11.065  9.3628  8.1144  6.7620  6.0858  6.7620  8.1144  9.3628  11.065  13.524
 (*, 12,  3)   38.949  27.821  19.475  13.910  10.819  8.8521  7.4902  6.4915  5.4096  4.8686  5.4096  6.4915  7.4902  8.8521  10.819
 (*, 13,  3)   34.080  24.343  17.040  12.172  9.4668  7.7456  6.5539  5.6801  4.7334  4.2601  4.7334  5.6801  6.5539  7.7456  9.4668
 (*, 14,  3)   29.212  20.866  14.606  10.433  8.1144  6.6391  5.6177  4.8686  4.0572  3.6515  4.0572  4.8686  5.6177  6.6391  8.1144
 (*, 15,  3)   24.343  17.388  12.172  8.6940  6.7620  5.5325  4.6814  4.0572  3.3810  3.0429  3.3810  4.0572  4.6814  5.5325  6.7620
 (*, 16,  3)   19.475  13.910  9.7373  6.9552  5.4096  4.4260  3.7451  3.2458  2.7048  2.4343  2.7048  3.2458  3.7451  4.4260  5.4096
 (*, 17,  3)   14.606  10.433  7.3030  5.2164  4.0572  3.3195  2.8088  2.4343  2.0286  1.8257  2.0286  2.4343  2.8088  3.3195  4.0572
 (*, 18,  3)   9.7373  6.9552  4.8686  3.4776  2.7048  2.2130  1.8726  1.6229  1.3524  1.2172  1.3524  1.6229  1.8726  2.2130  2.7048
 (*, 19,  3)   7.3030  5.2164  3.6515  2.6082  2.0286  1.6598  1.4044  1.2172  1.0143 0.91287  1.0143  1.2172  1.4044  1.6598  2.0286
 (*, 20,  3)   4.8686  3.4776  2.4343  1.7388  1.3524  1.1065 0.93628 0.81144 0.67620 0.60858 0.67620 0.81144 0.93628  1.1065  1.3524

 (I,  J,  K) I= 16      17      18      19      20

 (*,  1,  1)  0.48300 0.67620 0.96600  1.3524  0.0000
 (*,  2,  1)  0.72450  1.0143  1.4490  2.0286  0.0000
 (*,  3,  1)  0.96600  1.3524  1.9320  2.7048  0.0000
 (*,  4,  1)   1.4490  2.0286  2.8980  4.0572  0.0000
 (*,  5,  1)   1.9320  2.7048  3.8640  5.4096  0.0000
 (*,  6,  1)   2.4150  3.3810  4.8300  6.7620  0.0000
 (*,  7,  1)   2.8980  4.0572  5.7960  8.1144  0.0000
 (*,  8,  1)   3.3810  4.7334  6.7620  9.4668  0.0000
 (*,  9,  1)   3.8640  5.4096  7.7280  10.819  0.0000
 (*, 10,  1)   4.8300  6.7620  9.6600  13.524  0.0000
 (*, 11,  1)   4.8300  6.7620  9.6600  13.524  0.0000
 (*, 12,  1)   3.8640  5.4096  7.7280  10.819  0.0000
 (*, 13,  1)   3.3810  4.7334  6.7620  9.4668  0.0000
 (*, 14,  1)   2.8980  4.0572  5.7960  8.1144  0.0000
 (*, 15,  1)   2.4150  3.3810  4.8300  6.7620  0.0000
 (*, 16,  1)   1.9320  2.7048  3.8640  5.4096  0.0000
 (*, 17,  1)   1.4490  2.0286  2.8980  4.0572  0.0000
 (*, 18,  1)  0.96600  1.3524  1.9320  2.7048  0.0000
 (*, 19,  1)  0.72450  1.0143  1.4490  2.0286  0.0000
 (*, 20,  1)  0.48300 0.67620 0.96600  1.3524  0.0000

 (I,  J,  K) I= 16      17      18      19      20

 (*,  1,  2)  0.96600  1.3524  1.9320  2.7048  0.0000
 (*,  2,  2)   1.4490  2.0286  2.8980  4.0572  0.0000
 (*,  3,  2)   1.9320  2.7048  3.8640  5.4096  0.0000
 (*,  4,  2)   2.8980  4.0572  5.7960  8.1144  0.0000
 (*,  5,  2)   3.8640  5.4096  7.7280  10.819  0.0000
 (*,  6,  2)   4.8300  6.7620  9.6600  13.524  0.0000
 (*,  7,  2)   5.7960  8.1144  11.592  16.229  0.0000
 (*,  8,  2)   6.7620  9.4668  13.524  18.934  0.0000
 (*,  9,  2)   7.7280  10.819  15.456  21.638  0.0000
 (*, 10,  2)   9.6600  13.524  19.320  27.048  0.0000
 (*, 11,  2)   9.6600  13.524  19.320  27.048  0.0000
 (*, 12,  2)   7.7280  10.819  15.456  21.638  0.0000
 (*, 13,  2)   6.7620  9.4668  13.524  18.934  0.0000
 (*, 14,  2)   5.7960  8.1144  11.592  16.229  0.0000
 (*, 15,  2)   4.8300  6.7620  9.6600  13.524  0.0000
 (*, 16,  2)   3.8640  5.4096  7.7280  10.819  0.0000
 (*, 17,  2)   2.8980  4.0572  5.7960  8.1144  0.0000
 (*, 18,  2)   1.9320  2.7048  3.8640  5.4096  0.0000
 (*, 19,  2)   1.4490  2.0286  2.8980  4.0572  0.0000
 (*, 20,  2)  0.96600  1.3524  1.9320  2.7048  0.0000

 (I,  J,  K) I= 16      17      18      19      20

 (*,  1,  3)   1.7388  2.4343  3.4776  4.8686  0.0000
 (*,  2,  3)   2.6082  3.6515  5.2164  7.3030  0.0000
 (*,  3,  3)   3.4776  4.8686  6.9552  9.7373  0.0000
 (*,  4,  3)   5.2164  7.3030  10.433  14.606  0.0000
 (*,  5,  3)   6.9552  9.7373  13.910  19.475  0.0000
 (*,  6,  3)   8.6940  12.172  17.388  24.343  0.0000
 (*,  7,  3)   10.433  14.606  20.866  29.212  0.0000
 (*,  8,  3)   12.172  17.040  24.343  34.080  0.0000
 (*,  9,  3)   13.910  19.475  27.821  38.949  0.0000
 (*, 10,  3)   17.388  24.343  34.776  48.686  0.0000
 (*, 11,  3)   17.388  24.343  34.776  48.686  0.0000
 (*, 12,  3)   13.910  19.475  27.821  38.949  0.0000
